EVENT
0
3000
0
NOTE
136
0
1.0
1
1
NOTE
120
50
0.95
1
2
NOTE
125
100
0.9025
1
3
NOTE
130
152
0.8573749999999999
1
4
NOTE
136
203
0.8145062499999999
1
5
NOTE
133
255
0.7737809374999999
1
6
NOTE
116
308
0.7350918906249998
1
7
NOTE
120
361
0.6983372960937497
1
8
NOTE
133
414
0.6634204312890623
1
9
NOTE
133
468
0.6302494097246091
1
10
NOTE
136
523
0.5987369392383786
1
11
NOTE
120
578
0.5688000922764596
1
12
NOTE
125
634
0.5403600876626365
1
13
NOTE
130
690
0.5133420832795047
1
14
NOTE
136
747
0.48767497911552943
1
15
NOTE
133
805
0.46329123015975293
1
16
NOTE
116
863
0.44012666865176525
1
17
NOTE
120
922
0.41812033521917696
1
18
NOTE
133
981
0.3972143184582181
1
19
NOTE
133
1041
0.37735360253530714
1
20
NOTE
136
1101
0.35848592240854177
1
21
NOTE
120
1162
0.34056162628811465
1
22
NOTE
125
1224
0.3235335449737089
1
23
NOTE
130
1286
0.30735686772502346
1
24
NOTE
136
1349
0.2919890243387723
1
25
NOTE
133
1412
0.27738957312183365
1
26
NOTE
116
1476
0.263520094465742
1
27
NOTE
120
1541
0.25034408974245487
1
28
NOTE
133
1606
0.2378268852553321
1
29
NOTE
133
1673
0.2259355409925655
1
30
NOTE
136
1739
0.2146387639429372
1
31
NOTE
120
1807
0.20390682574579033
1
32
NOTE
125
1875
0.1937114844585008
1
33
NOTE
130
1943
0.18402591023557577
1
34
NOTE
136
2013
0.17482461472379698
1
35
NOTE
133
2083
0.16608338398760714
1
36
NOTE
116
2154
0.15777921478822676
1
37
NOTE
120
2225
0.14989025404881542
1
38
NOTE
133
2298
0.14239574134637464
1
39
NOTE
133
2371
0.1352759542790559
1
40
NOTE
136
2444
0.1285121565651031
1
41
NOTE
120
2519
0.12208654873684793
1
42
NOTE
125
2594
0.11598222130000553
1
43
NOTE
130
2670
0.11018311023500525
1
44
NOTE
136
2747
0.10467395472325498
1
45
NOTE
133
2824
0.09944025698709223
1
46
NOTE
116
2902
0.09446824413773762
1
47
NOTE
120
2981
0.08974483193085074
1
48
NOTE
133
3061
0.0852575903343082
1
49
NOTE
133
3142
0.08099471081759278
1
50
NOTE
136
3223
0.07694497527671314
1
51
NOTE
120
3305
0.07309772651287748
1
52
NOTE
125
3388
0.0694428401872336
1
53
NOTE
130
3472
0.0659706981778719
1
54
NOTE
136
3557
0.0626721632689783
1
55
NOTE
133
3643
0.059538555105529384
1
56
NOTE
116
3729
0.05656162735025291
1
57
NOTE
120
3816
0.053733545982740265
1
58
NOTE
133
3905
0.05104686868360325
1
59
NOTE
133
3994
0.04849452524942309
1
60
NOTE
136
4083
0.04606979898695193
1
61
NOTE
120
4174
0.04376630903760433
1
62
NOTE
125
4266
0.041577993585724116
1
63
NOTE
130
4359
0.03949909390643791
1
64
NOTE
136
4452
0.03752413921111601
1
65
NOTE
133
4547
0.03564793225056021
1
66
NOTE
116
4642
0.0338655356380322
1
67
NOTE
120
4739
0.032172258856130585
1
68
NOTE
133
4836
0.030563645913324056
1
69
NOTE
133
4934
0.029035463617657853
1
70
NOTE
136
5034
0.027583690436774957
1
71
NOTE
120
5134
0.02620450591493621
1
72
NOTE
125
5235
0.0248942806191894
1
73
NOTE
130
5338
0.023649566588229927
1
74
NOTE
136
5441
0.022467088258818428
1
75
NOTE
133
5546
0.021343733845877507
1
76
NOTE
116
5651
0.02027654715358363
1
77
NOTE
120
5758
0.019262719795904448
1
78
NOTE
133
5865
0.018299583806109226
1
79
NOTE
133
5974
0.017384604615803764
1
80
NOTE
136
6084
0.016515374385013576
1
81
NOTE
120
6194
0.015689605665762895
1
82
NOTE
125
6306
0.01490512538247475
1
83
NOTE
130
6419
0.014159869113351011
1
84
NOTE
136
6534
0.01345187565768346
1
85
NOTE
133
6649
0.012779281874799287
1
86
NOTE
116
6765
0.012140317781059323
1
87
NOTE
120
6883
0.011533301892006355
1
88
NOTE
133
7002
0.010956636797406038
1
89
NOTE
133
7122
0.010408804957535735
1
90
NOTE
136
7243
0.009888364709658948
1
91
NOTE
120
7366
0.009393946474176
1
92
NOTE
125
7489
0.0089242491504672
1
93
NOTE
130
7614
0.008478036692943839
1
94
NOTE
136
7740
0.008054134858296647
1
95
NOTE
133
7868
0.0076514281153818135
1
96
NOTE
116
7996
0.0072688567096127225
1
97
NOTE
120
8126
0.006905413874132086
1
98
NOTE
133
8258
0.006560143180425482
1
99
NOTE
133
8390
0.0062321360214042075
1
100
NOTE
136
8524
0.005920529220333997
1
101
NOTE
120
8659
0.0056245027593172965
1
102
NOTE
125
8796
0.005343277621351432
1
103
NOTE
130
8934
0.0050761137402838595
1
104
NOTE
136
9073
0.004822308053269666
1
105
NOTE
133
9214
0.004581192650606183
1
106
NOTE
116
9356
0.0043521330180758735
1
107
NOTE
120
9500
0.0041345263671720795
1
108
NOTE
133
9645
0.003927800048813475
1
109
NOTE
133
9791
0.0037314100463728015
1
110
NOTE
136
9939
0.0035448395440541612
1
111
NOTE
120
10088
0.003367597566851453
1
112
NOTE
125
10239
0.00319921768850888
1
113
NOTE
130
10392
0.003039256804083436
1
114
NOTE
136
10546
0.0028872939638792637
1
115
NOTE
133
10701
0.0027429292656853004
1
116
NOTE
116
10858
0.0026057828024010354
1
117
NOTE
120
11017
0.0024754936622809836
1
118
NOTE
133
11177
0.002351718979166934
1
119
NOTE
133
11339
0.0022341330302085875
1
120
NOTE
136
11502
0.002122426378698158
1
121
NOTE
120
11667
0.0020163050597632503
1
122
NOTE
125
11834
0.0019154898067750877
1
123

EVENT
1
6000
124
NOTE
126
0
1.0
1
125
NOTE
123
50
0.95
1
126
NOTE
126
100
0.9025
1
127
NOTE
130
152
0.8573749999999999
1
128
NOTE
123
203
0.8145062499999999
1
129
NOTE
123
255
0.7737809374999999
1
130
NOTE
126
308
0.7350918906249998
1
131
NOTE
130
361
0.6983372960937497
1
132
NOTE
135
414
0.6634204312890623
1
133
NOTE
120
468
0.6302494097246091
1
134
NOTE
126
523
0.5987369392383786
1
135
NOTE
123
578
0.5688000922764596
1
136
NOTE
126
634
0.5403600876626365
1
137
NOTE
130
690
0.5133420832795047
1
138
NOTE
123
747
0.48767497911552943
1
139
NOTE
123
805
0.46329123015975293
1
140
NOTE
126
863
0.44012666865176525
1
141
NOTE
130
922
0.41812033521917696
1
142
NOTE
135
981
0.3972143184582181
1
143
NOTE
120
1041
0.37735360253530714
1
144
NOTE
126
1101
0.35848592240854177
1
145
NOTE
123
1162
0.34056162628811465
1
146
NOTE
126
1224
0.3235335449737089
1
147
NOTE
130
1286
0.30735686772502346
1
148
NOTE
123
1349
0.2919890243387723
1
149
NOTE
123
1412
0.27738957312183365
1
150
NOTE
126
1476
0.263520094465742
1
151
NOTE
130
1541
0.25034408974245487
1
152
NOTE
135
1606
0.2378268852553321
1
153
NOTE
120
1673
0.2259355409925655
1
154
NOTE
126
1739
0.2146387639429372
1
155
NOTE
123
1807
0.20390682574579033
1
156
NOTE
126
1875
0.1937114844585008
1
157
NOTE
130
1943
0.18402591023557577
1
158
NOTE
123
2013
0.17482461472379698
1
159
NOTE
123
2083
0.16608338398760714
1
160
NOTE
126
2154
0.15777921478822676
1
161
NOTE
130
2225
0.14989025404881542
1
162
NOTE
135
2298
0.14239574134637464
1
163
NOTE
120
2371
0.1352759542790559
1
164
NOTE
126
2444
0.1285121565651031
1
165
NOTE
123
2519
0.12208654873684793
1
166
NOTE
126
2594
0.11598222130000553
1
167
NOTE
130
2670
0.11018311023500525
1
168
NOTE
123
2747
0.10467395472325498
1
169
NOTE
123
2824
0.09944025698709223
1
170
NOTE
126
2902
0.09446824413773762
1
171
NOTE
130
2981
0.08974483193085074
1
172
NOTE
135
3061
0.0852575903343082
1
173
NOTE
120
3142
0.08099471081759278
1
174
NOTE
126
3223
0.07694497527671314
1
175
NOTE
123
3305
0.07309772651287748
1
176
NOTE
126
3388
0.0694428401872336
1
177
NOTE
130
3472
0.0659706981778719
1
178
NOTE
123
3557
0.0626721632689783
1
179
NOTE
123
3643
0.059538555105529384
1
180
NOTE
126
3729
0.05656162735025291
1
181
NOTE
130
3816
0.053733545982740265
1
182
NOTE
135
3905
0.05104686868360325
1
183
NOTE
120
3994
0.04849452524942309
1
184
NOTE
126
4083
0.04606979898695193
1
185
NOTE
123
4174
0.04376630903760433
1
186
NOTE
126
4266
0.041577993585724116
1
187
NOTE
130
4359
0.03949909390643791
1
188
NOTE
123
4452
0.03752413921111601
1
189
NOTE
123
4547
0.03564793225056021
1
190
NOTE
126
4642
0.0338655356380322
1
191
NOTE
130
4739
0.032172258856130585
1
192
NOTE
135
4836
0.030563645913324056
1
193
NOTE
120
4934
0.029035463617657853
1
194
NOTE
126
5034
0.027583690436774957
1
195
NOTE
123
5134
0.02620450591493621
1
196
NOTE
126
5235
0.0248942806191894
1
197
NOTE
130
5338
0.023649566588229927
1
198
NOTE
123
5441
0.022467088258818428
1
199
NOTE
123
5546
0.021343733845877507
1
200
NOTE
126
5651
0.02027654715358363
1
201
NOTE
130
5758
0.019262719795904448
1
202
NOTE
135
5865
0.018299583806109226
1
203
NOTE
120
5974
0.017384604615803764
1
204
NOTE
126
6084
0.016515374385013576
1
205
NOTE
123
6194
0.015689605665762895
1
206
NOTE
126
6306
0.01490512538247475
1
207
NOTE
130
6419
0.014159869113351011
1
208
NOTE
123
6534
0.01345187565768346
1
209
NOTE
123
6649
0.012779281874799287
1
210
NOTE
126
6765
0.012140317781059323
1
211
NOTE
130
6883
0.011533301892006355
1
212
NOTE
135
7002
0.010956636797406038
1
213
NOTE
120
7122
0.010408804957535735
1
214
NOTE
126
7243
0.009888364709658948
1
215
NOTE
123
7366
0.009393946474176
1
216
NOTE
126
7489
0.0089242491504672
1
217
NOTE
130
7614
0.008478036692943839
1
218
NOTE
123
7740
0.008054134858296647
1
219
NOTE
123
7868
0.0076514281153818135
1
220
NOTE
126
7996
0.0072688567096127225
1
221
NOTE
130
8126
0.006905413874132086
1
222
NOTE
135
8258
0.006560143180425482
1
223
NOTE
120
8390
0.0062321360214042075
1
224
NOTE
126
8524
0.005920529220333997
1
225
NOTE
123
8659
0.0056245027593172965
1
226
NOTE
126
8796
0.005343277621351432
1
227
NOTE
130
8934
0.0050761137402838595
1
228
NOTE
123
9073
0.004822308053269666
1
229
NOTE
123
9214
0.004581192650606183
1
230
NOTE
126
9356
0.0043521330180758735
1
231
NOTE
130
9500
0.0041345263671720795
1
232
NOTE
135
9645
0.003927800048813475
1
233
NOTE
120
9791
0.0037314100463728015
1
234
NOTE
126
9939
0.0035448395440541612
1
235
NOTE
123
10088
0.003367597566851453
1
236
NOTE
126
10239
0.00319921768850888
1
237
NOTE
130
10392
0.003039256804083436
1
238
NOTE
123
10546
0.0028872939638792637
1
239
NOTE
123
10701
0.0027429292656853004
1
240
NOTE
126
10858
0.0026057828024010354
1
241
NOTE
130
11017
0.0024754936622809836
1
242
NOTE
135
11177
0.002351718979166934
1
243
NOTE
120
11339
0.0022341330302085875
1
244
NOTE
126
11502
0.002122426378698158
1
245
NOTE
123
11667
0.0020163050597632503
1
246
NOTE
126
11834
0.0019154898067750877
1
247

EVENT
2
6000
248
NOTE
125
0
1.0
1
249
NOTE
133
50
0.95
1
250
NOTE
136
100
0.9025
1
251
NOTE
120
152
0.8573749999999999
1
252
NOTE
125
203
0.8145062499999999
1
253
NOTE
128
255
0.7737809374999999
1
254
NOTE
136
308
0.7350918906249998
1
255
NOTE
133
361
0.6983372960937497
1
256
NOTE
116
414
0.6634204312890623
1
257
NOTE
128
468
0.6302494097246091
1
258
NOTE
125
523
0.5987369392383786
1
259
NOTE
133
578
0.5688000922764596
1
260
NOTE
136
634
0.5403600876626365
1
261
NOTE
120
690
0.5133420832795047
1
262
NOTE
125
747
0.48767497911552943
1
263
NOTE
128
805
0.46329123015975293
1
264
NOTE
136
863
0.44012666865176525
1
265
NOTE
133
922
0.41812033521917696
1
266
NOTE
116
981
0.3972143184582181
1
267
NOTE
128
1041
0.37735360253530714
1
268
NOTE
125
1101
0.35848592240854177
1
269
NOTE
133
1162
0.34056162628811465
1
270
NOTE
136
1224
0.3235335449737089
1
271
NOTE
120
1286
0.30735686772502346
1
272
NOTE
125
1349
0.2919890243387723
1
273
NOTE
128
1412
0.27738957312183365
1
274
NOTE
136
1476
0.263520094465742
1
275
NOTE
133
1541
0.25034408974245487
1
276
NOTE
116
1606
0.2378268852553321
1
277
NOTE
128
1673
0.2259355409925655
1
278
NOTE
125
1739
0.2146387639429372
1
279
NOTE
133
1807
0.20390682574579033
1
280
NOTE
136
1875
0.1937114844585008
1
281
NOTE
120
1943
0.18402591023557577
1
282
NOTE
125
2013
0.17482461472379698
1
283
NOTE
128
2083
0.16608338398760714
1
284
NOTE
136
2154
0.15777921478822676
1
285
NOTE
133
2225
0.14989025404881542
1
286
NOTE
116
2298
0.14239574134637464
1
287
NOTE
128
2371
0.1352759542790559
1
288
NOTE
125
2444
0.1285121565651031
1
289
NOTE
133
2519
0.12208654873684793
1
290
NOTE
136
2594
0.11598222130000553
1
291
NOTE
120
2670
0.11018311023500525
1
292
NOTE
125
2747
0.10467395472325498
1
293
NOTE
128
2824
0.09944025698709223
1
294
NOTE
136
2902
0.09446824413773762
1
295
NOTE
133
2981
0.08974483193085074
1
296
NOTE
116
3061
0.0852575903343082
1
297
NOTE
128
3142
0.08099471081759278
1
298
NOTE
125
3223
0.07694497527671314
1
299
NOTE
133
3305
0.07309772651287748
1
300
NOTE
136
3388
0.0694428401872336
1
301
NOTE
120
3472
0.0659706981778719
1
302
NOTE
125
3557
0.0626721632689783
1
303
NOTE
128
3643
0.059538555105529384
1
304
NOTE
136
3729
0.05656162735025291
1
305
NOTE
133
3816
0.053733545982740265
1
306
NOTE
116
3905
0.05104686868360325
1
307
NOTE
128
3994
0.04849452524942309
1
308
NOTE
125
4083
0.04606979898695193
1
309
NOTE
133
4174
0.04376630903760433
1
310
NOTE
136
4266
0.041577993585724116
1
311
NOTE
120
4359
0.03949909390643791
1
312
NOTE
125
4452
0.03752413921111601
1
313
NOTE
128
4547
0.03564793225056021
1
314
NOTE
136
4642
0.0338655356380322
1
315
NOTE
133
4739
0.032172258856130585
1
316
NOTE
116
4836
0.030563645913324056
1
317
NOTE
128
4934
0.029035463617657853
1
318
NOTE
125
5034
0.027583690436774957
1
319
NOTE
133
5134
0.02620450591493621
1
320
NOTE
136
5235
0.0248942806191894
1
321
NOTE
120
5338
0.023649566588229927
1
322
NOTE
125
5441
0.022467088258818428
1
323
NOTE
128
5546
0.021343733845877507
1
324
NOTE
136
5651
0.02027654715358363
1
325
NOTE
133
5758
0.019262719795904448
1
326
NOTE
116
5865
0.018299583806109226
1
327
NOTE
128
5974
0.017384604615803764
1
328
NOTE
125
6084
0.016515374385013576
1
329
NOTE
133
6194
0.015689605665762895
1
330
NOTE
136
6306
0.01490512538247475
1
331
NOTE
120
6419
0.014159869113351011
1
332
NOTE
125
6534
0.01345187565768346
1
333
NOTE
128
6649
0.012779281874799287
1
334
NOTE
136
6765
0.012140317781059323
1
335
NOTE
133
6883
0.011533301892006355
1
336
NOTE
116
7002
0.010956636797406038
1
337
NOTE
128
7122
0.010408804957535735
1
338
NOTE
125
7243
0.009888364709658948
1
339
NOTE
133
7366
0.009393946474176
1
340
NOTE
136
7489
0.0089242491504672
1
341
NOTE
120
7614
0.008478036692943839
1
342
NOTE
125
7740
0.008054134858296647
1
343
NOTE
128
7868
0.0076514281153818135
1
344
NOTE
136
7996
0.0072688567096127225
1
345
NOTE
133
8126
0.006905413874132086
1
346
NOTE
116
8258
0.006560143180425482
1
347
NOTE
128
8390
0.0062321360214042075
1
348
NOTE
125
8524
0.005920529220333997
1
349
NOTE
133
8659
0.0056245027593172965
1
350
NOTE
136
8796
0.005343277621351432
1
351
NOTE
120
8934
0.0050761137402838595
1
352
NOTE
125
9073
0.004822308053269666
1
353
NOTE
128
9214
0.004581192650606183
1
354
NOTE
136
9356
0.0043521330180758735
1
355
NOTE
133
9500
0.0041345263671720795
1
356
NOTE
116
9645
0.003927800048813475
1
357
NOTE
128
9791
0.0037314100463728015
1
358
NOTE
125
9939
0.0035448395440541612
1
359
NOTE
133
10088
0.003367597566851453
1
360
NOTE
136
10239
0.00319921768850888
1
361
NOTE
120
10392
0.003039256804083436
1
362
NOTE
125
10546
0.0028872939638792637
1
363
NOTE
128
10701
0.0027429292656853004
1
364
NOTE
136
10858
0.0026057828024010354
1
365
NOTE
133
11017
0.0024754936622809836
1
366
NOTE
116
11177
0.002351718979166934
1
367
NOTE
128
11339
0.0022341330302085875
1
368
NOTE
125
11502
0.002122426378698158
1
369
NOTE
133
11667
0.0020163050597632503
1
370
NOTE
136
11834
0.0019154898067750877
1
371

EVENT
3
9000
372
NOTE
130
0
1.0
1
373
NOTE
133
50
0.95
1
374
NOTE
143
100
0.9025
1
375
NOTE
126
152
0.8573749999999999
1
376
NOTE
123
203
0.8145062499999999
1
377
NOTE
133
255
0.7737809374999999
1
378
NOTE
130
308
0.7350918906249998
1
379
NOTE
138
361
0.6983372960937497
1
380
NOTE
123
414
0.6634204312890623
1
381
NOTE
126
468
0.6302494097246091
1
382
NOTE
130
523
0.5987369392383786
1
383
NOTE
133
578
0.5688000922764596
1
384
NOTE
143
634
0.5403600876626365
1
385
NOTE
126
690
0.5133420832795047
1
386
NOTE
123
747
0.48767497911552943
1
387
NOTE
133
805
0.46329123015975293
1
388
NOTE
130
863
0.44012666865176525
1
389
NOTE
138
922
0.41812033521917696
1
390
NOTE
123
981
0.3972143184582181
1
391
NOTE
126
1041
0.37735360253530714
1
392
NOTE
130
1101
0.35848592240854177
1
393
NOTE
133
1162
0.34056162628811465
1
394
NOTE
143
1224
0.3235335449737089
1
395
NOTE
126
1286
0.30735686772502346
1
396
NOTE
123
1349
0.2919890243387723
1
397
NOTE
133
1412
0.27738957312183365
1
398
NOTE
130
1476
0.263520094465742
1
399
NOTE
138
1541
0.25034408974245487
1
400
NOTE
123
1606
0.2378268852553321
1
401
NOTE
126
1673
0.2259355409925655
1
402
NOTE
130
1739
0.2146387639429372
1
403
NOTE
133
1807
0.20390682574579033
1
404
NOTE
143
1875
0.1937114844585008
1
405
NOTE
126
1943
0.18402591023557577
1
406
NOTE
123
2013
0.17482461472379698
1
407
NOTE
133
2083
0.16608338398760714
1
408
NOTE
130
2154
0.15777921478822676
1
409
NOTE
138
2225
0.14989025404881542
1
410
NOTE
123
2298
0.14239574134637464
1
411
NOTE
126
2371
0.1352759542790559
1
412
NOTE
130
2444
0.1285121565651031
1
413
NOTE
133
2519
0.12208654873684793
1
414
NOTE
143
2594
0.11598222130000553
1
415
NOTE
126
2670
0.11018311023500525
1
416
NOTE
123
2747
0.10467395472325498
1
417
NOTE
133
2824
0.09944025698709223
1
418
NOTE
130
2902
0.09446824413773762
1
419
NOTE
138
2981
0.08974483193085074
1
420
NOTE
123
3061
0.0852575903343082
1
421
NOTE
126
3142
0.08099471081759278
1
422
NOTE
130
3223
0.07694497527671314
1
423
NOTE
133
3305
0.07309772651287748
1
424
NOTE
143
3388
0.0694428401872336
1
425
NOTE
126
3472
0.0659706981778719
1
426
NOTE
123
3557
0.0626721632689783
1
427
NOTE
133
3643
0.059538555105529384
1
428
NOTE
130
3729
0.05656162735025291
1
429
NOTE
138
3816
0.053733545982740265
1
430
NOTE
123
3905
0.05104686868360325
1
431
NOTE
126
3994
0.04849452524942309
1
432
NOTE
130
4083
0.04606979898695193
1
433
NOTE
133
4174
0.04376630903760433
1
434
NOTE
143
4266
0.041577993585724116
1
435
NOTE
126
4359
0.03949909390643791
1
436
NOTE
123
4452
0.03752413921111601
1
437
NOTE
133
4547
0.03564793225056021
1
438
NOTE
130
4642
0.0338655356380322
1
439
NOTE
138
4739
0.032172258856130585
1
440
NOTE
123
4836
0.030563645913324056
1
441
NOTE
126
4934
0.029035463617657853
1
442
NOTE
130
5034
0.027583690436774957
1
443
NOTE
133
5134
0.02620450591493621
1
444
NOTE
143
5235
0.0248942806191894
1
445
NOTE
126
5338
0.023649566588229927
1
446
NOTE
123
5441
0.022467088258818428
1
447
NOTE
133
5546
0.021343733845877507
1
448
NOTE
130
5651
0.02027654715358363
1
449
NOTE
138
5758
0.019262719795904448
1
450
NOTE
123
5865
0.018299583806109226
1
451
NOTE
126
5974
0.017384604615803764
1
452
NOTE
130
6084
0.016515374385013576
1
453
NOTE
133
6194
0.015689605665762895
1
454
NOTE
143
6306
0.01490512538247475
1
455
NOTE
126
6419
0.014159869113351011
1
456
NOTE
123
6534
0.01345187565768346
1
457
NOTE
133
6649
0.012779281874799287
1
458
NOTE
130
6765
0.012140317781059323
1
459
NOTE
138
6883
0.011533301892006355
1
460
NOTE
123
7002
0.010956636797406038
1
461
NOTE
126
7122
0.010408804957535735
1
462
NOTE
130
7243
0.009888364709658948
1
463
NOTE
133
7366
0.009393946474176
1
464
NOTE
143
7489
0.0089242491504672
1
465
NOTE
126
7614
0.008478036692943839
1
466
NOTE
123
7740
0.008054134858296647
1
467
NOTE
133
7868
0.0076514281153818135
1
468
NOTE
130
7996
0.0072688567096127225
1
469
NOTE
138
8126
0.006905413874132086
1
470
NOTE
123
8258
0.006560143180425482
1
471
NOTE
126
8390
0.0062321360214042075
1
472
NOTE
130
8524
0.005920529220333997
1
473
NOTE
133
8659
0.0056245027593172965
1
474
NOTE
143
8796
0.005343277621351432
1
475
NOTE
126
8934
0.0050761137402838595
1
476
NOTE
123
9073
0.004822308053269666
1
477
NOTE
133
9214
0.004581192650606183
1
478
NOTE
130
9356
0.0043521330180758735
1
479
NOTE
138
9500
0.0041345263671720795
1
480
NOTE
123
9645
0.003927800048813475
1
481
NOTE
126
9791
0.0037314100463728015
1
482
NOTE
130
9939
0.0035448395440541612
1
483
NOTE
133
10088
0.003367597566851453
1
484
NOTE
143
10239
0.00319921768850888
1
485
NOTE
126
10392
0.003039256804083436
1
486
NOTE
123
10546
0.0028872939638792637
1
487
NOTE
133
10701
0.0027429292656853004
1
488
NOTE
130
10858
0.0026057828024010354
1
489
NOTE
138
11017
0.0024754936622809836
1
490
NOTE
123
11177
0.002351718979166934
1
491
NOTE
126
11339
0.0022341330302085875
1
492
NOTE
130
11502
0.002122426378698158
1
493
NOTE
133
11667
0.0020163050597632503
1
494
NOTE
143
11834
0.0019154898067750877
1
495

EVENT
4
9000
496
NOTE
120
0
1.0
1
497
NOTE
131
50
0.95
1
498
NOTE
128
100
0.9025
1
499
NOTE
136
152
0.8573749999999999
1
500
NOTE
120
203
0.8145062499999999
1
501
NOTE
123
255
0.7737809374999999
1
502
NOTE
128
308
0.7350918906249998
1
503
NOTE
131
361
0.6983372960937497
1
504
NOTE
140
414
0.6634204312890623
1
505
NOTE
123
468
0.6302494097246091
1
506
NOTE
120
523
0.5987369392383786
1
507
NOTE
131
578
0.5688000922764596
1
508
NOTE
128
634
0.5403600876626365
1
509
NOTE
136
690
0.5133420832795047
1
510
NOTE
120
747
0.48767497911552943
1
511
NOTE
123
805
0.46329123015975293
1
512
NOTE
128
863
0.44012666865176525
1
513
NOTE
131
922
0.41812033521917696
1
514
NOTE
140
981
0.3972143184582181
1
515
NOTE
123
1041
0.37735360253530714
1
516
NOTE
120
1101
0.35848592240854177
1
517
NOTE
131
1162
0.34056162628811465
1
518
NOTE
128
1224
0.3235335449737089
1
519
NOTE
136
1286
0.30735686772502346
1
520
NOTE
120
1349
0.2919890243387723
1
521
NOTE
123
1412
0.27738957312183365
1
522
NOTE
128
1476
0.263520094465742
1
523
NOTE
131
1541
0.25034408974245487
1
524
NOTE
140
1606
0.2378268852553321
1
525
NOTE
123
1673
0.2259355409925655
1
526
NOTE
120
1739
0.2146387639429372
1
527
NOTE
131
1807
0.20390682574579033
1
528
NOTE
128
1875
0.1937114844585008
1
529
NOTE
136
1943
0.18402591023557577
1
530
NOTE
120
2013
0.17482461472379698
1
531
NOTE
123
2083
0.16608338398760714
1
532
NOTE
128
2154
0.15777921478822676
1
533
NOTE
131
2225
0.14989025404881542
1
534
NOTE
140
2298
0.14239574134637464
1
535
NOTE
123
2371
0.1352759542790559
1
536
NOTE
120
2444
0.1285121565651031
1
537
NOTE
131
2519
0.12208654873684793
1
538
NOTE
128
2594
0.11598222130000553
1
539
NOTE
136
2670
0.11018311023500525
1
540
NOTE
120
2747
0.10467395472325498
1
541
NOTE
123
2824
0.09944025698709223
1
542
NOTE
128
2902
0.09446824413773762
1
543
NOTE
131
2981
0.08974483193085074
1
544
NOTE
140
3061
0.0852575903343082
1
545
NOTE
123
3142
0.08099471081759278
1
546
NOTE
120
3223
0.07694497527671314
1
547
NOTE
131
3305
0.07309772651287748
1
548
NOTE
128
3388
0.0694428401872336
1
549
NOTE
136
3472
0.0659706981778719
1
550
NOTE
120
3557
0.0626721632689783
1
551
NOTE
123
3643
0.059538555105529384
1
552
NOTE
128
3729
0.05656162735025291
1
553
NOTE
131
3816
0.053733545982740265
1
554
NOTE
140
3905
0.05104686868360325
1
555
NOTE
123
3994
0.04849452524942309
1
556
NOTE
120
4083
0.04606979898695193
1
557
NOTE
131
4174
0.04376630903760433
1
558
NOTE
128
4266
0.041577993585724116
1
559
NOTE
136
4359
0.03949909390643791
1
560
NOTE
120
4452
0.03752413921111601
1
561
NOTE
123
4547
0.03564793225056021
1
562
NOTE
128
4642
0.0338655356380322
1
563
NOTE
131
4739
0.032172258856130585
1
564
NOTE
140
4836
0.030563645913324056
1
565
NOTE
123
4934
0.029035463617657853
1
566
NOTE
120
5034
0.027583690436774957
1
567
NOTE
131
5134
0.02620450591493621
1
568
NOTE
128
5235
0.0248942806191894
1
569
NOTE
136
5338
0.023649566588229927
1
570
NOTE
120
5441
0.022467088258818428
1
571
NOTE
123
5546
0.021343733845877507
1
572
NOTE
128
5651
0.02027654715358363
1
573
NOTE
131
5758
0.019262719795904448
1
574
NOTE
140
5865
0.018299583806109226
1
575
NOTE
123
5974
0.017384604615803764
1
576
NOTE
120
6084
0.016515374385013576
1
577
NOTE
131
6194
0.015689605665762895
1
578
NOTE
128
6306
0.01490512538247475
1
579
NOTE
136
6419
0.014159869113351011
1
580
NOTE
120
6534
0.01345187565768346
1
581
NOTE
123
6649
0.012779281874799287
1
582
NOTE
128
6765
0.012140317781059323
1
583
NOTE
131
6883
0.011533301892006355
1
584
NOTE
140
7002
0.010956636797406038
1
585
NOTE
123
7122
0.010408804957535735
1
586
NOTE
120
7243
0.009888364709658948
1
587
NOTE
131
7366
0.009393946474176
1
588
NOTE
128
7489
0.0089242491504672
1
589
NOTE
136
7614
0.008478036692943839
1
590
NOTE
120
7740
0.008054134858296647
1
591
NOTE
123
7868
0.0076514281153818135
1
592
NOTE
128
7996
0.0072688567096127225
1
593
NOTE
131
8126
0.006905413874132086
1
594
NOTE
140
8258
0.006560143180425482
1
595
NOTE
123
8390
0.0062321360214042075
1
596
NOTE
120
8524
0.005920529220333997
1
597
NOTE
131
8659
0.0056245027593172965
1
598
NOTE
128
8796
0.005343277621351432
1
599
NOTE
136
8934
0.0050761137402838595
1
600
NOTE
120
9073
0.004822308053269666
1
601
NOTE
123
9214
0.004581192650606183
1
602
NOTE
128
9356
0.0043521330180758735
1
603
NOTE
131
9500
0.0041345263671720795
1
604
NOTE
140
9645
0.003927800048813475
1
605
NOTE
123
9791
0.0037314100463728015
1
606
NOTE
120
9939
0.0035448395440541612
1
607
NOTE
131
10088
0.003367597566851453
1
608
NOTE
128
10239
0.00319921768850888
1
609
NOTE
136
10392
0.003039256804083436
1
610
NOTE
120
10546
0.0028872939638792637
1
611
NOTE
123
10701
0.0027429292656853004
1
612
NOTE
128
10858
0.0026057828024010354
1
613
NOTE
131
11017
0.0024754936622809836
1
614
NOTE
140
11177
0.002351718979166934
1
615
NOTE
123
11339
0.0022341330302085875
1
616
NOTE
120
11502
0.002122426378698158
1
617
NOTE
131
11667
0.0020163050597632503
1
618
NOTE
128
11834
0.0019154898067750877
1
619

EVENT
5
12000
620
NOTE
130
0
1.0
1
621
NOTE
133
50
0.95
1
622
NOTE
138
100
0.9025
1
623
NOTE
121
152
0.8573749999999999
1
624
NOTE
130
203
0.8145062499999999
1
625
NOTE
133
255
0.7737809374999999
1
626
NOTE
130
308
0.7350918906249998
1
627
NOTE
141
361
0.6983372960937497
1
628
NOTE
118
414
0.6634204312890623
1
629
NOTE
126
468
0.6302494097246091
1
630
NOTE
130
523
0.5987369392383786
1
631
NOTE
133
578
0.5688000922764596
1
632
NOTE
138
634
0.5403600876626365
1
633
NOTE
121
690
0.5133420832795047
1
634
NOTE
130
747
0.48767497911552943
1
635
NOTE
133
805
0.46329123015975293
1
636
NOTE
130
863
0.44012666865176525
1
637
NOTE
141
922
0.41812033521917696
1
638
NOTE
118
981
0.3972143184582181
1
639
NOTE
126
1041
0.37735360253530714
1
640
NOTE
130
1101
0.35848592240854177
1
641
NOTE
133
1162
0.34056162628811465
1
642
NOTE
138
1224
0.3235335449737089
1
643
NOTE
121
1286
0.30735686772502346
1
644
NOTE
130
1349
0.2919890243387723
1
645
NOTE
133
1412
0.27738957312183365
1
646
NOTE
130
1476
0.263520094465742
1
647
NOTE
141
1541
0.25034408974245487
1
648
NOTE
118
1606
0.2378268852553321
1
649
NOTE
126
1673
0.2259355409925655
1
650
NOTE
130
1739
0.2146387639429372
1
651
NOTE
133
1807
0.20390682574579033
1
652
NOTE
138
1875
0.1937114844585008
1
653
NOTE
121
1943
0.18402591023557577
1
654
NOTE
130
2013
0.17482461472379698
1
655
NOTE
133
2083
0.16608338398760714
1
656
NOTE
130
2154
0.15777921478822676
1
657
NOTE
141
2225
0.14989025404881542
1
658
NOTE
118
2298
0.14239574134637464
1
659
NOTE
126
2371
0.1352759542790559
1
660
NOTE
130
2444
0.1285121565651031
1
661
NOTE
133
2519
0.12208654873684793
1
662
NOTE
138
2594
0.11598222130000553
1
663
NOTE
121
2670
0.11018311023500525
1
664
NOTE
130
2747
0.10467395472325498
1
665
NOTE
133
2824
0.09944025698709223
1
666
NOTE
130
2902
0.09446824413773762
1
667
NOTE
141
2981
0.08974483193085074
1
668
NOTE
118
3061
0.0852575903343082
1
669
NOTE
126
3142
0.08099471081759278
1
670
NOTE
130
3223
0.07694497527671314
1
671
NOTE
133
3305
0.07309772651287748
1
672
NOTE
138
3388
0.0694428401872336
1
673
NOTE
121
3472
0.0659706981778719
1
674
NOTE
130
3557
0.0626721632689783
1
675
NOTE
133
3643
0.059538555105529384
1
676
NOTE
130
3729
0.05656162735025291
1
677
NOTE
141
3816
0.053733545982740265
1
678
NOTE
118
3905
0.05104686868360325
1
679
NOTE
126
3994
0.04849452524942309
1
680
NOTE
130
4083
0.04606979898695193
1
681
NOTE
133
4174
0.04376630903760433
1
682
NOTE
138
4266
0.041577993585724116
1
683
NOTE
121
4359
0.03949909390643791
1
684
NOTE
130
4452
0.03752413921111601
1
685
NOTE
133
4547
0.03564793225056021
1
686
NOTE
130
4642
0.0338655356380322
1
687
NOTE
141
4739
0.032172258856130585
1
688
NOTE
118
4836
0.030563645913324056
1
689
NOTE
126
4934
0.029035463617657853
1
690
NOTE
130
5034
0.027583690436774957
1
691
NOTE
133
5134
0.02620450591493621
1
692
NOTE
138
5235
0.0248942806191894
1
693
NOTE
121
5338
0.023649566588229927
1
694
NOTE
130
5441
0.022467088258818428
1
695
NOTE
133
5546
0.021343733845877507
1
696
NOTE
130
5651
0.02027654715358363
1
697
NOTE
141
5758
0.019262719795904448
1
698
NOTE
118
5865
0.018299583806109226
1
699
NOTE
126
5974
0.017384604615803764
1
700
NOTE
130
6084
0.016515374385013576
1
701
NOTE
133
6194
0.015689605665762895
1
702
NOTE
138
6306
0.01490512538247475
1
703
NOTE
121
6419
0.014159869113351011
1
704
NOTE
130
6534
0.01345187565768346
1
705
NOTE
133
6649
0.012779281874799287
1
706
NOTE
130
6765
0.012140317781059323
1
707
NOTE
141
6883
0.011533301892006355
1
708
NOTE
118
7002
0.010956636797406038
1
709
NOTE
126
7122
0.010408804957535735
1
710
NOTE
130
7243
0.009888364709658948
1
711
NOTE
133
7366
0.009393946474176
1
712
NOTE
138
7489
0.0089242491504672
1
713
NOTE
121
7614
0.008478036692943839
1
714
NOTE
130
7740
0.008054134858296647
1
715
NOTE
133
7868
0.0076514281153818135
1
716
NOTE
130
7996
0.0072688567096127225
1
717
NOTE
141
8126
0.006905413874132086
1
718
NOTE
118
8258
0.006560143180425482
1
719
NOTE
126
8390
0.0062321360214042075
1
720
NOTE
130
8524
0.005920529220333997
1
721
NOTE
133
8659
0.0056245027593172965
1
722
NOTE
138
8796
0.005343277621351432
1
723
NOTE
121
8934
0.0050761137402838595
1
724
NOTE
130
9073
0.004822308053269666
1
725
NOTE
133
9214
0.004581192650606183
1
726
NOTE
130
9356
0.0043521330180758735
1
727
NOTE
141
9500
0.0041345263671720795
1
728
NOTE
118
9645
0.003927800048813475
1
729
NOTE
126
9791
0.0037314100463728015
1
730
NOTE
130
9939
0.0035448395440541612
1
731
NOTE
133
10088
0.003367597566851453
1
732
NOTE
138
10239
0.00319921768850888
1
733
NOTE
121
10392
0.003039256804083436
1
734
NOTE
130
10546
0.0028872939638792637
1
735
NOTE
133
10701
0.0027429292656853004
1
736
NOTE
130
10858
0.0026057828024010354
1
737
NOTE
141
11017
0.0024754936622809836
1
738
NOTE
118
11177
0.002351718979166934
1
739
NOTE
126
11339
0.0022341330302085875
1
740
NOTE
130
11502
0.002122426378698158
1
741
NOTE
133
11667
0.0020163050597632503
1
742
NOTE
138
11834
0.0019154898067750877
1
743

EVENT
6
12000
744
NOTE
139
0
1.0
1
745
NOTE
136
50
0.95
1
746
NOTE
119
100
0.9025
1
747
NOTE
131
152
0.8573749999999999
1
748
NOTE
128
203
0.8145062499999999
1
749
NOTE
136
255
0.7737809374999999
1
750
NOTE
139
308
0.7350918906249998
1
751
NOTE
123
361
0.6983372960937497
1
752
NOTE
128
414
0.6634204312890623
1
753
NOTE
131
468
0.6302494097246091
1
754
NOTE
139
523
0.5987369392383786
1
755
NOTE
136
578
0.5688000922764596
1
756
NOTE
119
634
0.5403600876626365
1
757
NOTE
131
690
0.5133420832795047
1
758
NOTE
128
747
0.48767497911552943
1
759
NOTE
136
805
0.46329123015975293
1
760
NOTE
139
863
0.44012666865176525
1
761
NOTE
123
922
0.41812033521917696
1
762
NOTE
128
981
0.3972143184582181
1
763
NOTE
131
1041
0.37735360253530714
1
764
NOTE
139
1101
0.35848592240854177
1
765
NOTE
136
1162
0.34056162628811465
1
766
NOTE
119
1224
0.3235335449737089
1
767
NOTE
131
1286
0.30735686772502346
1
768
NOTE
128
1349
0.2919890243387723
1
769
NOTE
136
1412
0.27738957312183365
1
770
NOTE
139
1476
0.263520094465742
1
771
NOTE
123
1541
0.25034408974245487
1
772
NOTE
128
1606
0.2378268852553321
1
773
NOTE
131
1673
0.2259355409925655
1
774
NOTE
139
1739
0.2146387639429372
1
775
NOTE
136
1807
0.20390682574579033
1
776
NOTE
119
1875
0.1937114844585008
1
777
NOTE
131
1943
0.18402591023557577
1
778
NOTE
128
2013
0.17482461472379698
1
779
NOTE
136
2083
0.16608338398760714
1
780
NOTE
139
2154
0.15777921478822676
1
781
NOTE
123
2225
0.14989025404881542
1
782
NOTE
128
2298
0.14239574134637464
1
783
NOTE
131
2371
0.1352759542790559
1
784
NOTE
139
2444
0.1285121565651031
1
785
NOTE
136
2519
0.12208654873684793
1
786
NOTE
119
2594
0.11598222130000553
1
787
NOTE
131
2670
0.11018311023500525
1
788
NOTE
128
2747
0.10467395472325498
1
789
NOTE
136
2824
0.09944025698709223
1
790
NOTE
139
2902
0.09446824413773762
1
791
NOTE
123
2981
0.08974483193085074
1
792
NOTE
128
3061
0.0852575903343082
1
793
NOTE
131
3142
0.08099471081759278
1
794
NOTE
139
3223
0.07694497527671314
1
795
NOTE
136
3305
0.07309772651287748
1
796
NOTE
119
3388
0.0694428401872336
1
797
NOTE
131
3472
0.0659706981778719
1
798
NOTE
128
3557
0.0626721632689783
1
799
NOTE
136
3643
0.059538555105529384
1
800
NOTE
139
3729
0.05656162735025291
1
801
NOTE
123
3816
0.053733545982740265
1
802
NOTE
128
3905
0.05104686868360325
1
803
NOTE
131
3994
0.04849452524942309
1
804
NOTE
139
4083
0.04606979898695193
1
805
NOTE
136
4174
0.04376630903760433
1
806
NOTE
119
4266
0.041577993585724116
1
807
NOTE
131
4359
0.03949909390643791
1
808
NOTE
128
4452
0.03752413921111601
1
809
NOTE
136
4547
0.03564793225056021
1
810
NOTE
139
4642
0.0338655356380322
1
811
NOTE
123
4739
0.032172258856130585
1
812
NOTE
128
4836
0.030563645913324056
1
813
NOTE
131
4934
0.029035463617657853
1
814
NOTE
139
5034
0.027583690436774957
1
815
NOTE
136
5134
0.02620450591493621
1
816
NOTE
119
5235
0.0248942806191894
1
817
NOTE
131
5338
0.023649566588229927
1
818
NOTE
128
5441
0.022467088258818428
1
819
NOTE
136
5546
0.021343733845877507
1
820
NOTE
139
5651
0.02027654715358363
1
821
NOTE
123
5758
0.019262719795904448
1
822
NOTE
128
5865
0.018299583806109226
1
823
NOTE
131
5974
0.017384604615803764
1
824
NOTE
139
6084
0.016515374385013576
1
825
NOTE
136
6194
0.015689605665762895
1
826
NOTE
119
6306
0.01490512538247475
1
827
NOTE
131
6419
0.014159869113351011
1
828
NOTE
128
6534
0.01345187565768346
1
829
NOTE
136
6649
0.012779281874799287
1
830
NOTE
139
6765
0.012140317781059323
1
831
NOTE
123
6883
0.011533301892006355
1
832
NOTE
128
7002
0.010956636797406038
1
833
NOTE
131
7122
0.010408804957535735
1
834
NOTE
139
7243
0.009888364709658948
1
835
NOTE
136
7366
0.009393946474176
1
836
NOTE
119
7489
0.0089242491504672
1
837
NOTE
131
7614
0.008478036692943839
1
838
NOTE
128
7740
0.008054134858296647
1
839
NOTE
136
7868
0.0076514281153818135
1
840
NOTE
139
7996
0.0072688567096127225
1
841
NOTE
123
8126
0.006905413874132086
1
842
NOTE
128
8258
0.006560143180425482
1
843
NOTE
131
8390
0.0062321360214042075
1
844
NOTE
139
8524
0.005920529220333997
1
845
NOTE
136
8659
0.0056245027593172965
1
846
NOTE
119
8796
0.005343277621351432
1
847
NOTE
131
8934
0.0050761137402838595
1
848
NOTE
128
9073
0.004822308053269666
1
849
NOTE
136
9214
0.004581192650606183
1
850
NOTE
139
9356
0.0043521330180758735
1
851
NOTE
123
9500
0.0041345263671720795
1
852
NOTE
128
9645
0.003927800048813475
1
853
NOTE
131
9791
0.0037314100463728015
1
854
NOTE
139
9939
0.0035448395440541612
1
855
NOTE
136
10088
0.003367597566851453
1
856
NOTE
119
10239
0.00319921768850888
1
857
NOTE
131
10392
0.003039256804083436
1
858
NOTE
128
10546
0.0028872939638792637
1
859
NOTE
136
10701
0.0027429292656853004
1
860
NOTE
139
10858
0.0026057828024010354
1
861
NOTE
123
11017
0.0024754936622809836
1
862
NOTE
128
11177
0.002351718979166934
1
863
NOTE
131
11339
0.0022341330302085875
1
864
NOTE
139
11502
0.002122426378698158
1
865
NOTE
136
11667
0.0020163050597632503
1
866
NOTE
119
11834
0.0019154898067750877
1
867

EVENT
7
15000
868
NOTE
126
0
1.0
1
869
NOTE
134
50
0.95
1
870
NOTE
138
100
0.9025
1
871
NOTE
121
152
0.8573749999999999
1
872
NOTE
126
203
0.8145062499999999
1
873
NOTE
129
255
0.7737809374999999
1
874
NOTE
138
308
0.7350918906249998
1
875
NOTE
141
361
0.6983372960937497
1
876
NOTE
118
414
0.6634204312890623
1
877
NOTE
129
468
0.6302494097246091
1
878
NOTE
126
523
0.5987369392383786
1
879
NOTE
134
578
0.5688000922764596
1
880
NOTE
138
634
0.5403600876626365
1
881
NOTE
121
690
0.5133420832795047
1
882
NOTE
126
747
0.48767497911552943
1
883
NOTE
129
805
0.46329123015975293
1
884
NOTE
138
863
0.44012666865176525
1
885
NOTE
141
922
0.41812033521917696
1
886
NOTE
118
981
0.3972143184582181
1
887
NOTE
129
1041
0.37735360253530714
1
888
NOTE
126
1101
0.35848592240854177
1
889
NOTE
134
1162
0.34056162628811465
1
890
NOTE
138
1224
0.3235335449737089
1
891
NOTE
121
1286
0.30735686772502346
1
892
NOTE
126
1349
0.2919890243387723
1
893
NOTE
129
1412
0.27738957312183365
1
894
NOTE
138
1476
0.263520094465742
1
895
NOTE
141
1541
0.25034408974245487
1
896
NOTE
118
1606
0.2378268852553321
1
897
NOTE
129
1673
0.2259355409925655
1
898
NOTE
126
1739
0.2146387639429372
1
899
NOTE
134
1807
0.20390682574579033
1
900
NOTE
138
1875
0.1937114844585008
1
901
NOTE
121
1943
0.18402591023557577
1
902
NOTE
126
2013
0.17482461472379698
1
903
NOTE
129
2083
0.16608338398760714
1
904
NOTE
138
2154
0.15777921478822676
1
905
NOTE
141
2225
0.14989025404881542
1
906
NOTE
118
2298
0.14239574134637464
1
907
NOTE
129
2371
0.1352759542790559
1
908
NOTE
126
2444
0.1285121565651031
1
909
NOTE
134
2519
0.12208654873684793
1
910
NOTE
138
2594
0.11598222130000553
1
911
NOTE
121
2670
0.11018311023500525
1
912
NOTE
126
2747
0.10467395472325498
1
913
NOTE
129
2824
0.09944025698709223
1
914
NOTE
138
2902
0.09446824413773762
1
915
NOTE
141
2981
0.08974483193085074
1
916
NOTE
118
3061
0.0852575903343082
1
917
NOTE
129
3142
0.08099471081759278
1
918
NOTE
126
3223
0.07694497527671314
1
919
NOTE
134
3305
0.07309772651287748
1
920
NOTE
138
3388
0.0694428401872336
1
921
NOTE
121
3472
0.0659706981778719
1
922
NOTE
126
3557
0.0626721632689783
1
923
NOTE
129
3643
0.059538555105529384
1
924
NOTE
138
3729
0.05656162735025291
1
925
NOTE
141
3816
0.053733545982740265
1
926
NOTE
118
3905
0.05104686868360325
1
927
NOTE
129
3994
0.04849452524942309
1
928
NOTE
126
4083
0.04606979898695193
1
929
NOTE
134
4174
0.04376630903760433
1
930
NOTE
138
4266
0.041577993585724116
1
931
NOTE
121
4359
0.03949909390643791
1
932
NOTE
126
4452
0.03752413921111601
1
933
NOTE
129
4547
0.03564793225056021
1
934
NOTE
138
4642
0.0338655356380322
1
935
NOTE
141
4739
0.032172258856130585
1
936
NOTE
118
4836
0.030563645913324056
1
937
NOTE
129
4934
0.029035463617657853
1
938
NOTE
126
5034
0.027583690436774957
1
939
NOTE
134
5134
0.02620450591493621
1
940
NOTE
138
5235
0.0248942806191894
1
941
NOTE
121
5338
0.023649566588229927
1
942
NOTE
126
5441
0.022467088258818428
1
943
NOTE
129
5546
0.021343733845877507
1
944
NOTE
138
5651
0.02027654715358363
1
945
NOTE
141
5758
0.019262719795904448
1
946
NOTE
118
5865
0.018299583806109226
1
947
NOTE
129
5974
0.017384604615803764
1
948
NOTE
126
6084
0.016515374385013576
1
949
NOTE
134
6194
0.015689605665762895
1
950
NOTE
138
6306
0.01490512538247475
1
951
NOTE
121
6419
0.014159869113351011
1
952
NOTE
126
6534
0.01345187565768346
1
953
NOTE
129
6649
0.012779281874799287
1
954
NOTE
138
6765
0.012140317781059323
1
955
NOTE
141
6883
0.011533301892006355
1
956
NOTE
118
7002
0.010956636797406038
1
957
NOTE
129
7122
0.010408804957535735
1
958
NOTE
126
7243
0.009888364709658948
1
959
NOTE
134
7366
0.009393946474176
1
960
NOTE
138
7489
0.0089242491504672
1
961
NOTE
121
7614
0.008478036692943839
1
962
NOTE
126
7740
0.008054134858296647
1
963
NOTE
129
7868
0.0076514281153818135
1
964
NOTE
138
7996
0.0072688567096127225
1
965
NOTE
141
8126
0.006905413874132086
1
966
NOTE
118
8258
0.006560143180425482
1
967
NOTE
129
8390
0.0062321360214042075
1
968
NOTE
126
8524
0.005920529220333997
1
969
NOTE
134
8659
0.0056245027593172965
1
970
NOTE
138
8796
0.005343277621351432
1
971
NOTE
121
8934
0.0050761137402838595
1
972
NOTE
126
9073
0.004822308053269666
1
973
NOTE
129
9214
0.004581192650606183
1
974
NOTE
138
9356
0.0043521330180758735
1
975
NOTE
141
9500
0.0041345263671720795
1
976
NOTE
118
9645
0.003927800048813475
1
977
NOTE
129
9791
0.0037314100463728015
1
978
NOTE
126
9939
0.0035448395440541612
1
979
NOTE
134
10088
0.003367597566851453
1
980
NOTE
138
10239
0.00319921768850888
1
981
NOTE
121
10392
0.003039256804083436
1
982
NOTE
126
10546
0.0028872939638792637
1
983
NOTE
129
10701
0.0027429292656853004
1
984
NOTE
138
10858
0.0026057828024010354
1
985
NOTE
141
11017
0.0024754936622809836
1
986
NOTE
118
11177
0.002351718979166934
1
987
NOTE
129
11339
0.0022341330302085875
1
988
NOTE
126
11502
0.002122426378698158
1
989
NOTE
134
11667
0.0020163050597632503
1
990
NOTE
138
11834
0.0019154898067750877
1
991

EVENT
8
15000
992
NOTE
136
0
1.0
1
993
NOTE
139
50
0.95
1
994
NOTE
127
100
0.9025
1
995
NOTE
124
152
0.8573749999999999
1
996
NOTE
127
203
0.8145062499999999
1
997
NOTE
139
255
0.7737809374999999
1
998
NOTE
136
308
0.7350918906249998
1
999
NOTE
124
361
0.6983372960937497
1
1000
NOTE
127
414
0.6634204312890623
1
1001
NOTE
131
468
0.6302494097246091
1
1002
NOTE
136
523
0.5987369392383786
1
1003
NOTE
139
578
0.5688000922764596
1
1004
NOTE
127
634
0.5403600876626365
1
1005
NOTE
124
690
0.5133420832795047
1
1006
NOTE
127
747
0.48767497911552943
1
1007
NOTE
139
805
0.46329123015975293
1
1008
NOTE
136
863
0.44012666865176525
1
1009
NOTE
124
922
0.41812033521917696
1
1010
NOTE
127
981
0.3972143184582181
1
1011
NOTE
131
1041
0.37735360253530714
1
1012
NOTE
136
1101
0.35848592240854177
1
1013
NOTE
139
1162
0.34056162628811465
1
1014
NOTE
127
1224
0.3235335449737089
1
1015
NOTE
124
1286
0.30735686772502346
1
1016
NOTE
127
1349
0.2919890243387723
1
1017
NOTE
139
1412
0.27738957312183365
1
1018
NOTE
136
1476
0.263520094465742
1
1019
NOTE
124
1541
0.25034408974245487
1
1020
NOTE
127
1606
0.2378268852553321
1
1021
NOTE
131
1673
0.2259355409925655
1
1022
NOTE
136
1739
0.2146387639429372
1
1023
NOTE
139
1807
0.20390682574579033
1
1024
NOTE
127
1875
0.1937114844585008
1
1025
NOTE
124
1943
0.18402591023557577
1
1026
NOTE
127
2013
0.17482461472379698
1
1027
NOTE
139
2083
0.16608338398760714
1
1028
NOTE
136
2154
0.15777921478822676
1
1029
NOTE
124
2225
0.14989025404881542
1
1030
NOTE
127
2298
0.14239574134637464
1
1031
NOTE
131
2371
0.1352759542790559
1
1032
NOTE
136
2444
0.1285121565651031
1
1033
NOTE
139
2519
0.12208654873684793
1
1034
NOTE
127
2594
0.11598222130000553
1
1035
NOTE
124
2670
0.11018311023500525
1
1036
NOTE
127
2747
0.10467395472325498
1
1037
NOTE
139
2824
0.09944025698709223
1
1038
NOTE
136
2902
0.09446824413773762
1
1039
NOTE
124
2981
0.08974483193085074
1
1040
NOTE
127
3061
0.0852575903343082
1
1041
NOTE
131
3142
0.08099471081759278
1
1042
NOTE
136
3223
0.07694497527671314
1
1043
NOTE
139
3305
0.07309772651287748
1
1044
NOTE
127
3388
0.0694428401872336
1
1045
NOTE
124
3472
0.0659706981778719
1
1046
NOTE
127
3557
0.0626721632689783
1
1047
NOTE
139
3643
0.059538555105529384
1
1048
NOTE
136
3729
0.05656162735025291
1
1049
NOTE
124
3816
0.053733545982740265
1
1050
NOTE
127
3905
0.05104686868360325
1
1051
NOTE
131
3994
0.04849452524942309
1
1052
NOTE
136
4083
0.04606979898695193
1
1053
NOTE
139
4174
0.04376630903760433
1
1054
NOTE
127
4266
0.041577993585724116
1
1055
NOTE
124
4359
0.03949909390643791
1
1056
NOTE
127
4452
0.03752413921111601
1
1057
NOTE
139
4547
0.03564793225056021
1
1058
NOTE
136
4642
0.0338655356380322
1
1059
NOTE
124
4739
0.032172258856130585
1
1060
NOTE
127
4836
0.030563645913324056
1
1061
NOTE
131
4934
0.029035463617657853
1
1062
NOTE
136
5034
0.027583690436774957
1
1063
NOTE
139
5134
0.02620450591493621
1
1064
NOTE
127
5235
0.0248942806191894
1
1065
NOTE
124
5338
0.023649566588229927
1
1066
NOTE
127
5441
0.022467088258818428
1
1067
NOTE
139
5546
0.021343733845877507
1
1068
NOTE
136
5651
0.02027654715358363
1
1069
NOTE
124
5758
0.019262719795904448
1
1070
NOTE
127
5865
0.018299583806109226
1
1071
NOTE
131
5974
0.017384604615803764
1
1072
NOTE
136
6084
0.016515374385013576
1
1073
NOTE
139
6194
0.015689605665762895
1
1074
NOTE
127
6306
0.01490512538247475
1
1075
NOTE
124
6419
0.014159869113351011
1
1076
NOTE
127
6534
0.01345187565768346
1
1077
NOTE
139
6649
0.012779281874799287
1
1078
NOTE
136
6765
0.012140317781059323
1
1079
NOTE
124
6883
0.011533301892006355
1
1080
NOTE
127
7002
0.010956636797406038
1
1081
NOTE
131
7122
0.010408804957535735
1
1082
NOTE
136
7243
0.009888364709658948
1
1083
NOTE
139
7366
0.009393946474176
1
1084
NOTE
127
7489
0.0089242491504672
1
1085
NOTE
124
7614
0.008478036692943839
1
1086
NOTE
127
7740
0.008054134858296647
1
1087
NOTE
139
7868
0.0076514281153818135
1
1088
NOTE
136
7996
0.0072688567096127225
1
1089
NOTE
124
8126
0.006905413874132086
1
1090
NOTE
127
8258
0.006560143180425482
1
1091
NOTE
131
8390
0.0062321360214042075
1
1092
NOTE
136
8524
0.005920529220333997
1
1093
NOTE
139
8659
0.0056245027593172965
1
1094
NOTE
127
8796
0.005343277621351432
1
1095
NOTE
124
8934
0.0050761137402838595
1
1096
NOTE
127
9073
0.004822308053269666
1
1097
NOTE
139
9214
0.004581192650606183
1
1098
NOTE
136
9356
0.0043521330180758735
1
1099
NOTE
124
9500
0.0041345263671720795
1
1100
NOTE
127
9645
0.003927800048813475
1
1101
NOTE
131
9791
0.0037314100463728015
1
1102
NOTE
136
9939
0.0035448395440541612
1
1103
NOTE
139
10088
0.003367597566851453
1
1104
NOTE
127
10239
0.00319921768850888
1
1105
NOTE
124
10392
0.003039256804083436
1
1106
NOTE
127
10546
0.0028872939638792637
1
1107
NOTE
139
10701
0.0027429292656853004
1
1108
NOTE
136
10858
0.0026057828024010354
1
1109
NOTE
124
11017
0.0024754936622809836
1
1110
NOTE
127
11177
0.002351718979166934
1
1111
NOTE
131
11339
0.0022341330302085875
1
1112
NOTE
136
11502
0.002122426378698158
1
1113
NOTE
139
11667
0.0020163050597632503
1
1114
NOTE
127
11834
0.0019154898067750877
1
1115

EVENT
9
18000
1116
NOTE
134
0
1.0
1
1117
NOTE
124
50
0.95
1
1118
NOTE
121
100
0.9025
1
1119
NOTE
129
152
0.8573749999999999
1
1120
NOTE
134
203
0.8145062499999999
1
1121
NOTE
137
255
0.7737809374999999
1
1122
NOTE
121
308
0.7350918906249998
1
1123
NOTE
124
361
0.6983372960937497
1
1124
NOTE
134
414
0.6634204312890623
1
1125
NOTE
137
468
0.6302494097246091
1
1126
NOTE
134
523
0.5987369392383786
1
1127
NOTE
124
578
0.5688000922764596
1
1128
NOTE
121
634
0.5403600876626365
1
1129
NOTE
129
690
0.5133420832795047
1
1130
NOTE
134
747
0.48767497911552943
1
1131
NOTE
137
805
0.46329123015975293
1
1132
NOTE
121
863
0.44012666865176525
1
1133
NOTE
124
922
0.41812033521917696
1
1134
NOTE
134
981
0.3972143184582181
1
1135
NOTE
137
1041
0.37735360253530714
1
1136
NOTE
134
1101
0.35848592240854177
1
1137
NOTE
124
1162
0.34056162628811465
1
1138
NOTE
121
1224
0.3235335449737089
1
1139
NOTE
129
1286
0.30735686772502346
1
1140
NOTE
134
1349
0.2919890243387723
1
1141
NOTE
137
1412
0.27738957312183365
1
1142
NOTE
121
1476
0.263520094465742
1
1143
NOTE
124
1541
0.25034408974245487
1
1144
NOTE
134
1606
0.2378268852553321
1
1145
NOTE
137
1673
0.2259355409925655
1
1146
NOTE
134
1739
0.2146387639429372
1
1147
NOTE
124
1807
0.20390682574579033
1
1148
NOTE
121
1875
0.1937114844585008
1
1149
NOTE
129
1943
0.18402591023557577
1
1150
NOTE
134
2013
0.17482461472379698
1
1151
NOTE
137
2083
0.16608338398760714
1
1152
NOTE
121
2154
0.15777921478822676
1
1153
NOTE
124
2225
0.14989025404881542
1
1154
NOTE
134
2298
0.14239574134637464
1
1155
NOTE
137
2371
0.1352759542790559
1
1156
NOTE
134
2444
0.1285121565651031
1
1157
NOTE
124
2519
0.12208654873684793
1
1158
NOTE
121
2594
0.11598222130000553
1
1159
NOTE
129
2670
0.11018311023500525
1
1160
NOTE
134
2747
0.10467395472325498
1
1161
NOTE
137
2824
0.09944025698709223
1
1162
NOTE
121
2902
0.09446824413773762
1
1163
NOTE
124
2981
0.08974483193085074
1
1164
NOTE
134
3061
0.0852575903343082
1
1165
NOTE
137
3142
0.08099471081759278
1
1166
NOTE
134
3223
0.07694497527671314
1
1167
NOTE
124
3305
0.07309772651287748
1
1168
NOTE
121
3388
0.0694428401872336
1
1169
NOTE
129
3472
0.0659706981778719
1
1170
NOTE
134
3557
0.0626721632689783
1
1171
NOTE
137
3643
0.059538555105529384
1
1172
NOTE
121
3729
0.05656162735025291
1
1173
NOTE
124
3816
0.053733545982740265
1
1174
NOTE
134
3905
0.05104686868360325
1
1175
NOTE
137
3994
0.04849452524942309
1
1176
NOTE
134
4083
0.04606979898695193
1
1177
NOTE
124
4174
0.04376630903760433
1
1178
NOTE
121
4266
0.041577993585724116
1
1179
NOTE
129
4359
0.03949909390643791
1
1180
NOTE
134
4452
0.03752413921111601
1
1181
NOTE
137
4547
0.03564793225056021
1
1182
NOTE
121
4642
0.0338655356380322
1
1183
NOTE
124
4739
0.032172258856130585
1
1184
NOTE
134
4836
0.030563645913324056
1
1185
NOTE
137
4934
0.029035463617657853
1
1186
NOTE
134
5034
0.027583690436774957
1
1187
NOTE
124
5134
0.02620450591493621
1
1188
NOTE
121
5235
0.0248942806191894
1
1189
NOTE
129
5338
0.023649566588229927
1
1190
NOTE
134
5441
0.022467088258818428
1
1191
NOTE
137
5546
0.021343733845877507
1
1192
NOTE
121
5651
0.02027654715358363
1
1193
NOTE
124
5758
0.019262719795904448
1
1194
NOTE
134
5865
0.018299583806109226
1
1195
NOTE
137
5974
0.017384604615803764
1
1196
NOTE
134
6084
0.016515374385013576
1
1197
NOTE
124
6194
0.015689605665762895
1
1198
NOTE
121
6306
0.01490512538247475
1
1199
NOTE
129
6419
0.014159869113351011
1
1200
NOTE
134
6534
0.01345187565768346
1
1201
NOTE
137
6649
0.012779281874799287
1
1202
NOTE
121
6765
0.012140317781059323
1
1203
NOTE
124
6883
0.011533301892006355
1
1204
NOTE
134
7002
0.010956636797406038
1
1205
NOTE
137
7122
0.010408804957535735
1
1206
NOTE
134
7243
0.009888364709658948
1
1207
NOTE
124
7366
0.009393946474176
1
1208
NOTE
121
7489
0.0089242491504672
1
1209
NOTE
129
7614
0.008478036692943839
1
1210
NOTE
134
7740
0.008054134858296647
1
1211
NOTE
137
7868
0.0076514281153818135
1
1212
NOTE
121
7996
0.0072688567096127225
1
1213
NOTE
124
8126
0.006905413874132086
1
1214
NOTE
134
8258
0.006560143180425482
1
1215
NOTE
137
8390
0.0062321360214042075
1
1216
NOTE
134
8524
0.005920529220333997
1
1217
NOTE
124
8659
0.0056245027593172965
1
1218
NOTE
121
8796
0.005343277621351432
1
1219
NOTE
129
8934
0.0050761137402838595
1
1220
NOTE
134
9073
0.004822308053269666
1
1221
NOTE
137
9214
0.004581192650606183
1
1222
NOTE
121
9356
0.0043521330180758735
1
1223
NOTE
124
9500
0.0041345263671720795
1
1224
NOTE
134
9645
0.003927800048813475
1
1225
NOTE
137
9791
0.0037314100463728015
1
1226
NOTE
134
9939
0.0035448395440541612
1
1227
NOTE
124
10088
0.003367597566851453
1
1228
NOTE
121
10239
0.00319921768850888
1
1229
NOTE
129
10392
0.003039256804083436
1
1230
NOTE
134
10546
0.0028872939638792637
1
1231
NOTE
137
10701
0.0027429292656853004
1
1232
NOTE
121
10858
0.0026057828024010354
1
1233
NOTE
124
11017
0.0024754936622809836
1
1234
NOTE
134
11177
0.002351718979166934
1
1235
NOTE
137
11339
0.0022341330302085875
1
1236
NOTE
134
11502
0.002122426378698158
1
1237
NOTE
124
11667
0.0020163050597632503
1
1238
NOTE
121
11834
0.0019154898067750877
1
1239

EVENT
10
18000
1240
NOTE
130
0
1.0
1
1241
NOTE
134
50
0.95
1
1242
NOTE
139
100
0.9025
1
1243
NOTE
124
152
0.8573749999999999
1
1244
NOTE
130
203
0.8145062499999999
1
1245
NOTE
127
255
0.7737809374999999
1
1246
NOTE
130
308
0.7350918906249998
1
1247
NOTE
134
361
0.6983372960937497
1
1248
NOTE
127
414
0.6634204312890623
1
1249
NOTE
127
468
0.6302494097246091
1
1250
NOTE
130
523
0.5987369392383786
1
1251
NOTE
134
578
0.5688000922764596
1
1252
NOTE
139
634
0.5403600876626365
1
1253
NOTE
124
690
0.5133420832795047
1
1254
NOTE
130
747
0.48767497911552943
1
1255
NOTE
127
805
0.46329123015975293
1
1256
NOTE
130
863
0.44012666865176525
1
1257
NOTE
134
922
0.41812033521917696
1
1258
NOTE
127
981
0.3972143184582181
1
1259
NOTE
127
1041
0.37735360253530714
1
1260
NOTE
130
1101
0.35848592240854177
1
1261
NOTE
134
1162
0.34056162628811465
1
1262
NOTE
139
1224
0.3235335449737089
1
1263
NOTE
124
1286
0.30735686772502346
1
1264
NOTE
130
1349
0.2919890243387723
1
1265
NOTE
127
1412
0.27738957312183365
1
1266
NOTE
130
1476
0.263520094465742
1
1267
NOTE
134
1541
0.25034408974245487
1
1268
NOTE
127
1606
0.2378268852553321
1
1269
NOTE
127
1673
0.2259355409925655
1
1270
NOTE
130
1739
0.2146387639429372
1
1271
NOTE
134
1807
0.20390682574579033
1
1272
NOTE
139
1875
0.1937114844585008
1
1273
NOTE
124
1943
0.18402591023557577
1
1274
NOTE
130
2013
0.17482461472379698
1
1275
NOTE
127
2083
0.16608338398760714
1
1276
NOTE
130
2154
0.15777921478822676
1
1277
NOTE
134
2225
0.14989025404881542
1
1278
NOTE
127
2298
0.14239574134637464
1
1279
NOTE
127
2371
0.1352759542790559
1
1280
NOTE
130
2444
0.1285121565651031
1
1281
NOTE
134
2519
0.12208654873684793
1
1282
NOTE
139
2594
0.11598222130000553
1
1283
NOTE
124
2670
0.11018311023500525
1
1284
NOTE
130
2747
0.10467395472325498
1
1285
NOTE
127
2824
0.09944025698709223
1
1286
NOTE
130
2902
0.09446824413773762
1
1287
NOTE
134
2981
0.08974483193085074
1
1288
NOTE
127
3061
0.0852575903343082
1
1289
NOTE
127
3142
0.08099471081759278
1
1290
NOTE
130
3223
0.07694497527671314
1
1291
NOTE
134
3305
0.07309772651287748
1
1292
NOTE
139
3388
0.0694428401872336
1
1293
NOTE
124
3472
0.0659706981778719
1
1294
NOTE
130
3557
0.0626721632689783
1
1295
NOTE
127
3643
0.059538555105529384
1
1296
NOTE
130
3729
0.05656162735025291
1
1297
NOTE
134
3816
0.053733545982740265
1
1298
NOTE
127
3905
0.05104686868360325
1
1299
NOTE
127
3994
0.04849452524942309
1
1300
NOTE
130
4083
0.04606979898695193
1
1301
NOTE
134
4174
0.04376630903760433
1
1302
NOTE
139
4266
0.041577993585724116
1
1303
NOTE
124
4359
0.03949909390643791
1
1304
NOTE
130
4452
0.03752413921111601
1
1305
NOTE
127
4547
0.03564793225056021
1
1306
NOTE
130
4642
0.0338655356380322
1
1307
NOTE
134
4739
0.032172258856130585
1
1308
NOTE
127
4836
0.030563645913324056
1
1309
NOTE
127
4934
0.029035463617657853
1
1310
NOTE
130
5034
0.027583690436774957
1
1311
NOTE
134
5134
0.02620450591493621
1
1312
NOTE
139
5235
0.0248942806191894
1
1313
NOTE
124
5338
0.023649566588229927
1
1314
NOTE
130
5441
0.022467088258818428
1
1315
NOTE
127
5546
0.021343733845877507
1
1316
NOTE
130
5651
0.02027654715358363
1
1317
NOTE
134
5758
0.019262719795904448
1
1318
NOTE
127
5865
0.018299583806109226
1
1319
NOTE
127
5974
0.017384604615803764
1
1320
NOTE
130
6084
0.016515374385013576
1
1321
NOTE
134
6194
0.015689605665762895
1
1322
NOTE
139
6306
0.01490512538247475
1
1323
NOTE
124
6419
0.014159869113351011
1
1324
NOTE
130
6534
0.01345187565768346
1
1325
NOTE
127
6649
0.012779281874799287
1
1326
NOTE
130
6765
0.012140317781059323
1
1327
NOTE
134
6883
0.011533301892006355
1
1328
NOTE
127
7002
0.010956636797406038
1
1329
NOTE
127
7122
0.010408804957535735
1
1330
NOTE
130
7243
0.009888364709658948
1
1331
NOTE
134
7366
0.009393946474176
1
1332
NOTE
139
7489
0.0089242491504672
1
1333
NOTE
124
7614
0.008478036692943839
1
1334
NOTE
130
7740
0.008054134858296647
1
1335
NOTE
127
7868
0.0076514281153818135
1
1336
NOTE
130
7996
0.0072688567096127225
1
1337
NOTE
134
8126
0.006905413874132086
1
1338
NOTE
127
8258
0.006560143180425482
1
1339
NOTE
127
8390
0.0062321360214042075
1
1340
NOTE
130
8524
0.005920529220333997
1
1341
NOTE
134
8659
0.0056245027593172965
1
1342
NOTE
139
8796
0.005343277621351432
1
1343
NOTE
124
8934
0.0050761137402838595
1
1344
NOTE
130
9073
0.004822308053269666
1
1345
NOTE
127
9214
0.004581192650606183
1
1346
NOTE
130
9356
0.0043521330180758735
1
1347
NOTE
134
9500
0.0041345263671720795
1
1348
NOTE
127
9645
0.003927800048813475
1
1349
NOTE
127
9791
0.0037314100463728015
1
1350
NOTE
130
9939
0.0035448395440541612
1
1351
NOTE
134
10088
0.003367597566851453
1
1352
NOTE
139
10239
0.00319921768850888
1
1353
NOTE
124
10392
0.003039256804083436
1
1354
NOTE
130
10546
0.0028872939638792637
1
1355
NOTE
127
10701
0.0027429292656853004
1
1356
NOTE
130
10858
0.0026057828024010354
1
1357
NOTE
134
11017
0.0024754936622809836
1
1358
NOTE
127
11177
0.002351718979166934
1
1359
NOTE
127
11339
0.0022341330302085875
1
1360
NOTE
130
11502
0.002122426378698158
1
1361
NOTE
134
11667
0.0020163050597632503
1
1362
NOTE
139
11834
0.0019154898067750877
1
1363

EVENT
11
21000
1364
NOTE
140
0
1.0
1
1365
NOTE
117
50
0.95
1
1366
NOTE
120
100
0.9025
1
1367
NOTE
132
152
0.8573749999999999
1
1368
NOTE
129
203
0.8145062499999999
1
1369
NOTE
137
255
0.7737809374999999
1
1370
NOTE
120
308
0.7350918906249998
1
1371
NOTE
124
361
0.6983372960937497
1
1372
NOTE
129
414
0.6634204312890623
1
1373
NOTE
132
468
0.6302494097246091
1
1374
NOTE
140
523
0.5987369392383786
1
1375
NOTE
117
578
0.5688000922764596
1
1376
NOTE
120
634
0.5403600876626365
1
1377
NOTE
132
690
0.5133420832795047
1
1378
NOTE
129
747
0.48767497911552943
1
1379
NOTE
137
805
0.46329123015975293
1
1380
NOTE
120
863
0.44012666865176525
1
1381
NOTE
124
922
0.41812033521917696
1
1382
NOTE
129
981
0.3972143184582181
1
1383
NOTE
132
1041
0.37735360253530714
1
1384
NOTE
140
1101
0.35848592240854177
1
1385
NOTE
117
1162
0.34056162628811465
1
1386
NOTE
120
1224
0.3235335449737089
1
1387
NOTE
132
1286
0.30735686772502346
1
1388
NOTE
129
1349
0.2919890243387723
1
1389
NOTE
137
1412
0.27738957312183365
1
1390
NOTE
120
1476
0.263520094465742
1
1391
NOTE
124
1541
0.25034408974245487
1
1392
NOTE
129
1606
0.2378268852553321
1
1393
NOTE
132
1673
0.2259355409925655
1
1394
NOTE
140
1739
0.2146387639429372
1
1395
NOTE
117
1807
0.20390682574579033
1
1396
NOTE
120
1875
0.1937114844585008
1
1397
NOTE
132
1943
0.18402591023557577
1
1398
NOTE
129
2013
0.17482461472379698
1
1399
NOTE
137
2083
0.16608338398760714
1
1400
NOTE
120
2154
0.15777921478822676
1
1401
NOTE
124
2225
0.14989025404881542
1
1402
NOTE
129
2298
0.14239574134637464
1
1403
NOTE
132
2371
0.1352759542790559
1
1404
NOTE
140
2444
0.1285121565651031
1
1405
NOTE
117
2519
0.12208654873684793
1
1406
NOTE
120
2594
0.11598222130000553
1
1407
NOTE
132
2670
0.11018311023500525
1
1408
NOTE
129
2747
0.10467395472325498
1
1409
NOTE
137
2824
0.09944025698709223
1
1410
NOTE
120
2902
0.09446824413773762
1
1411
NOTE
124
2981
0.08974483193085074
1
1412
NOTE
129
3061
0.0852575903343082
1
1413
NOTE
132
3142
0.08099471081759278
1
1414
NOTE
140
3223
0.07694497527671314
1
1415
NOTE
117
3305
0.07309772651287748
1
1416
NOTE
120
3388
0.0694428401872336
1
1417
NOTE
132
3472
0.0659706981778719
1
1418
NOTE
129
3557
0.0626721632689783
1
1419
NOTE
137
3643
0.059538555105529384
1
1420
NOTE
120
3729
0.05656162735025291
1
1421
NOTE
124
3816
0.053733545982740265
1
1422
NOTE
129
3905
0.05104686868360325
1
1423
NOTE
132
3994
0.04849452524942309
1
1424
NOTE
140
4083
0.04606979898695193
1
1425
NOTE
117
4174
0.04376630903760433
1
1426
NOTE
120
4266
0.041577993585724116
1
1427
NOTE
132
4359
0.03949909390643791
1
1428
NOTE
129
4452
0.03752413921111601
1
1429
NOTE
137
4547
0.03564793225056021
1
1430
NOTE
120
4642
0.0338655356380322
1
1431
NOTE
124
4739
0.032172258856130585
1
1432
NOTE
129
4836
0.030563645913324056
1
1433
NOTE
132
4934
0.029035463617657853
1
1434
NOTE
140
5034
0.027583690436774957
1
1435
NOTE
117
5134
0.02620450591493621
1
1436
NOTE
120
5235
0.0248942806191894
1
1437
NOTE
132
5338
0.023649566588229927
1
1438
NOTE
129
5441
0.022467088258818428
1
1439
NOTE
137
5546
0.021343733845877507
1
1440
NOTE
120
5651
0.02027654715358363
1
1441
NOTE
124
5758
0.019262719795904448
1
1442
NOTE
129
5865
0.018299583806109226
1
1443
NOTE
132
5974
0.017384604615803764
1
1444
NOTE
140
6084
0.016515374385013576
1
1445
NOTE
117
6194
0.015689605665762895
1
1446
NOTE
120
6306
0.01490512538247475
1
1447
NOTE
132
6419
0.014159869113351011
1
1448
NOTE
129
6534
0.01345187565768346
1
1449
NOTE
137
6649
0.012779281874799287
1
1450
NOTE
120
6765
0.012140317781059323
1
1451
NOTE
124
6883
0.011533301892006355
1
1452
NOTE
129
7002
0.010956636797406038
1
1453
NOTE
132
7122
0.010408804957535735
1
1454
NOTE
140
7243
0.009888364709658948
1
1455
NOTE
117
7366
0.009393946474176
1
1456
NOTE
120
7489
0.0089242491504672
1
1457
NOTE
132
7614
0.008478036692943839
1
1458
NOTE
129
7740
0.008054134858296647
1
1459
NOTE
137
7868
0.0076514281153818135
1
1460
NOTE
120
7996
0.0072688567096127225
1
1461
NOTE
124
8126
0.006905413874132086
1
1462
NOTE
129
8258
0.006560143180425482
1
1463
NOTE
132
8390
0.0062321360214042075
1
1464
NOTE
140
8524
0.005920529220333997
1
1465
NOTE
117
8659
0.0056245027593172965
1
1466
NOTE
120
8796
0.005343277621351432
1
1467
NOTE
132
8934
0.0050761137402838595
1
1468
NOTE
129
9073
0.004822308053269666
1
1469
NOTE
137
9214
0.004581192650606183
1
1470
NOTE
120
9356
0.0043521330180758735
1
1471
NOTE
124
9500
0.0041345263671720795
1
1472
NOTE
129
9645
0.003927800048813475
1
1473
NOTE
132
9791
0.0037314100463728015
1
1474
NOTE
140
9939
0.0035448395440541612
1
1475
NOTE
117
10088
0.003367597566851453
1
1476
NOTE
120
10239
0.00319921768850888
1
1477
NOTE
132
10392
0.003039256804083436
1
1478
NOTE
129
10546
0.0028872939638792637
1
1479
NOTE
137
10701
0.0027429292656853004
1
1480
NOTE
120
10858
0.0026057828024010354
1
1481
NOTE
124
11017
0.0024754936622809836
1
1482
NOTE
129
11177
0.002351718979166934
1
1483
NOTE
132
11339
0.0022341330302085875
1
1484
NOTE
140
11502
0.002122426378698158
1
1485
NOTE
117
11667
0.0020163050597632503
1
1486
NOTE
120
11834
0.0019154898067750877
1
1487

